11111111111111111111111111111111111111001111111111111111111111111
11111111111111111111111111111111111100011111111111111111111111111
11111111111111111111111111111111100001111111111111111111111111111
11111111111111111111111111111110000111111111111111111111111111111
11111111111111111111111111111000000111111111111111111111111111111
11111111111111111111111111100000011110001100000000000000011111111
11111111111111111100000000000000000000000000000000011111111111111
11111111111111110111000000000000000000000000000011111111111111111
11111111111111111111111000000000000000000000000000000000111111111
11111111111111111110000000000000000000000000000000111111111111111
11111111111111111100011100000000000000000000000000000111111111111
11111111111111100000110000000000011000000000000000000011111111111
11111111111111000000000000000100111100000000000001100000111111111
11111111110000000000000000001110111110000000000000111000011111111
11111111000000000000000000011111111100000000000000011110001111111
11111110000000011111111111111111111100000000000000001111100111111
11111111000001111111111111111111110000000000000000001111111111111
11111111110111111111111111111100000000000000000000000111111111111
11111111111111110000000000000000000000000000000000000111111111111
11111111111111111100000000000000000000000000001100000111111111111
11111111111111000000000000000000000000000000111100000111111111111
11111111111000000000000000000000000000000001111110000111111111111
11111111100000000000000000000000000000001111111110000111111111111
11111110000000000000000000000000000000111111111110000111111111111
11111100000000000000000001110000001111111111111110001111111111111
11111000000000000000011111111111111111111111111110011111111111111
11110000000000000001111111111111111100111111111111111111111111111